-1452.382
-985.983
-300.7043
340.9664
1115.224
1816.717
2603.418
3283.292
3776.975
4193.036
4514.083
4805.137
5132.243
5429.507
5762.975
6104.911
6283.41
6435.22
6388.126
6131.01
6004.362
5890.452
5560.509
5414.897
5437.464
5192.032
5230.463
5249.902
5477.721
5498.137
5558.49
5788.839
6038.19
6097.074
6011.507
6224.031
5961.784
6142.578
5787.753
5592.622
5318.977
4860.224
4682.885
4236.65
3752.153
3248.328
2737.484
2294.011
1755.705
1159.159
799.5467
486.5098
310.7009
95.86115
31.67501
-183.7625
-297.0857
-279.4419
-312.4302
-608.9743
-961.9346
-1167.246
-1320.912
-1552.051
-1915.02
-2222.397
-2398.179
-2565.249
-2594.809
-2443.374
-2182.187
-1900.618
