Graph induced complex is of dimension 1 - 87 simplices - 44 vertices.
Iterator on graph induced complex simplices
0 
1 
2 
2 1 
3 
3 0 
4 
4 2 
5 
5 3 
6 
6 5 
7 
7 4 
8 
8 7 
9 
9 6 
10 
10 8 
11 
11 9 
12 
12 11 
13 
13 10 
14 
14 12 
15 
15 13 
16 
16 14 
17 
17 15 
18 
18 16 
18 17 
19 
19 18 
20 
21 
22 
22 20 
23 
23 19 
24 
24 21 
25 
25 23 
26 
26 24 
27 
27 22 
28 
28 25 
29 
29 26 
30 
30 27 
31 
31 28 
32 
32 30 
33 
33 29 
34 
34 32 
35 
35 31 
36 
36 33 
37 
37 34 
37 35 
37 36 
38 
38 37 
39 
39 38 
40 
40 39 
41 
41 40 
42 
42 41 
43 
43 42 
