../../../../data/points/human.off
coordinate 2
coordinate 2
0 0.3
21 20
0 -0.927412 290
1 -0.927011 291
2 -0.708477 127
3 -0.709946 128
4 -0.513775 250
5 -0.514319 251
6 -0.376304 247
7 -0.376315 247
8 -0.104886 127
9 -0.168391 165
10 -0.16871 165
11 -0.105984 128
12 -0.0174106 183
13 0.0197303 542
14 -0.0161482 181
15 0.159925 388
16 0.204922 208
17 0.204892 208
18 0.368798 854
19 0.542323 764
20 0.709288 597
0 2
1 3
2 5
3 4
4 6
5 7
6 9
7 10
8 12
9 13
10 13
11 14
12 16
13 15
14 17
15 18
16 18
17 18
18 19
19 20
