0.254583	0.837489
0.25491	0.410985
0.262238	0.405964
0.233498	0.338685
0.253282	0.344571
0.249923	0.339748
0.179532	0.263873
0.247402	0.323782
0.181315	0.249492
0.160746	0.22547
0.170367	0.232149
0.192048	0.253065
0.27298	0.333994
0.202383	0.260308
0.278325	0.329157
0.176624	0.226215
0.200184	0.249281
0.275607	0.323516
0.178408	0.224032
0.319435	0.362706
0.184347	0.226301
0.19342	0.23356
0.143554	0.180648
0.313975	0.34917
0.260887	0.29465
0.206395	0.23344
0.272846	0.298156
0.222294	0.246925
0.272951	0.295696
0.235421	0.257957
0.277907	0.29913
0.16591	0.186925
0.223042	0.243167
0.435025	0.454885
0.151992	0.169807
0.138011	0.155776
0.218083	0.235837
0.219364	0.237079
0.297063	0.313899
0.282666	0.298727
0.24199	0.256381
0.302722	0.316677
0.160453	0.174076
0.157689	0.169984
0.192957	0.204705
0.153738	0.165306
0.226448	0.237898
0.243627	0.252613
0.210126	0.21907
0.172082	0.177708
0.232291	0.234521
