set xrange [0.131016 : 0.844554]
set yrange [0 : 16.16]
plot '-' using 1:2 notitle with lp 
0.138011 0
0.138011 1
0.143554 1
0.143554 2
0.151992 2
0.151992 3
0.153738 3
0.153738 4
0.155776 4
0.155776 3
0.157689 3
0.157689 4
0.160453 4
0.160453 5
0.160746 5
0.160746 6
0.165306 6
0.165306 5
0.16591 5
0.16591 6
0.169807 6
0.169807 5
0.169984 5
0.169984 4
0.170367 4
0.170367 5
0.172082 5
0.172082 6
0.174076 6
0.174076 5
0.176624 5
0.176624 6
0.177708 6
0.177708 5
0.178408 5
0.178408 6
0.179532 6
0.179532 7
0.180648 7
0.180648 6
0.181315 6
0.181315 7
0.184347 7
0.184347 8
0.186925 8
0.186925 7
0.192048 7
0.192048 8
0.192957 8
0.192957 9
0.19342 9
0.19342 10
0.200184 10
0.200184 11
0.202383 11
0.202383 12
0.204705 12
0.204705 11
0.206395 11
0.206395 12
0.210126 12
0.210126 13
0.218083 13
0.218083 14
0.21907 14
0.21907 13
0.219364 13
0.219364 14
0.222294 14
0.222294 15
0.223042 15
0.223042 16
0.224032 16
0.224032 15
0.22547 15
0.22547 14
0.226215 14
0.226215 13
0.226301 13
0.226301 12
0.226448 12
0.226448 13
0.232149 13
0.232149 12
0.232291 12
0.232291 13
0.23344 13
0.23344 12
0.233498 12
0.233498 13
0.23356 13
0.23356 12
0.234521 12
0.234521 11
0.235421 11
0.235421 12
0.235837 12
0.235837 11
0.237079 11
0.237079 10
0.237898 10
0.237898 9
0.24199 9
0.24199 10
0.243167 10
0.243167 9
0.243627 9
0.243627 10
0.246925 10
0.246925 9
0.247402 9
0.247402 10
0.249281 10
0.249281 9
0.249492 9
0.249492 8
0.249923 8
0.249923 9
0.252613 9
0.252613 8
0.253065 8
0.253065 7
0.253282 7
0.253282 8
0.254583 8
0.254583 9
0.25491 9
0.25491 10
0.256381 10
0.256381 9
0.257957 9
0.257957 8
0.260308 8
0.260308 7
0.260887 7
0.260887 8
0.262238 8
0.262238 9
0.263873 9
0.263873 8
0.272846 8
0.272846 9
0.272951 9
0.272951 10
0.27298 10
0.27298 11
0.275607 11
0.275607 12
0.277907 12
0.277907 13
0.278325 13
0.278325 14
0.282666 14
0.282666 15
0.29465 15
0.29465 14
0.295696 14
0.295696 13
0.297063 13
0.297063 14
0.298156 14
0.298156 13
0.298727 13
0.298727 12
0.29913 12
0.29913 11
0.302722 11
0.302722 12
0.313899 12
0.313899 11
0.313975 11
0.313975 12
0.316677 12
0.316677 11
0.319435 11
0.319435 12
0.323516 12
0.323516 11
0.323782 11
0.323782 10
0.329157 10
0.329157 9
0.333994 9
0.333994 8
0.338685 8
0.338685 7
0.339748 7
0.339748 6
0.344571 6
0.344571 5
0.34917 5
0.34917 4
0.362706 4
0.362706 3
0.405964 3
0.405964 2
0.410985 2
0.410985 1
0.435025 1
0.435025 2
0.454885 2
0.454885 1
0.837489 1
0.837489 0

