1.0 0.0
0.9659258262890683 0.25881904510252074
0.8660254037844387 0.49999999999999994
0.7071067811865476 0.7071067811865475
0.5000000000000001 0.8660254037844386
0.25881904510252096 0.9659258262890682
6.123233995736766e-17 1.0
-0.25881904510252063 0.9659258262890683
-0.4999999999999998 0.8660254037844387
-0.7071067811865475 0.7071067811865476
-0.8660254037844385 0.5000000000000003
-0.9659258262890682 0.258819045102521
-1.0 1.2246467991473532e-16
-0.9659258262890684 -0.25881904510252035
-0.8660254037844388 -0.4999999999999997
-0.7071067811865479 -0.7071067811865471
-0.5000000000000004 -0.8660254037844384
-0.2588190451025215 -0.9659258262890681
-1.8369701987210297e-16 -1.0
0.2588190451025203 -0.9659258262890684
0.49999999999999933 -0.866025403784439
0.7071067811865474 -0.7071067811865477
0.8660254037844384 -0.5000000000000004
0.9659258262890681 -0.25881904510252157
